706
534
580
290
302
775
15
761
815
710
46
415
863
791
374
962
872
57
950
365
525
768
54
593
469
299
623
648
264
280
830
825
590
987
911
227
696
981
244
534
107
1000
677
16
576
101
104
799
285
46
296
383
301
949
980
402
279
161
163
647
411
413
713
327
634
208
187
584
81
458
906
262
786
379
290
920
632
628
429
98
562
695
914
835
23
544
917
431
678
503
514
463
354
405
270
56
244
980
61
391
365
490
156
475
258
629
543
157
939
655
507
391
108
784
460
754
597
833
19
211
74
106
332
129
1
537
658
545
828
82
192
679
455
358
150
705
929
531
90
758
402
462
493
208
330
96
590
170
928
98
444
273
873
751
273
674
257
90
31
323
791
298
236
481
255
341
45
483
207
865
589
755
928
332
543
81
635
411
961
115
924
621
348
150
480
220
994
131
29
346
548
923
539
407
848
827
673
722
997
340
496
413
696
180
423
544
815
541
428
510
228
620
490
681
887
371
303
293
151
530
224
585
364
876
479
191
685
748
614
783
162
808
203
957
66
62
794
380
464
120
116
174
49
715
534
562
217
469
747
753
399
904
747
89
635
714
16
432
402
276
986
803
697
418
735
278
357
434
945
122
646
348
105
186
78
433
960
543
495
973
218
379
396
282
504
139
518
966
558
910
658
442
693
65
757
701
498
156
224
327
785
51
519
758
801
326
973
805
675
906
876
417
124
955
798
697
402
17
168
165
510
407
107
277
644
850
498
188
897
373
324
771
219
447
237
879
611
375
390
861
586
932
518
331
869
260
260
179
347
3
743
841
279
703
405
812
742
438
78
411
340
711
313
799
152
593
957
244
940
115
985
633
599
903
575
246
861
75
439
760
246
379
398
527
271
582
210
79
896
112
653
901
232
950
847
442
493
770
835
383
196
327
414
153
620
100
206
693
505
184
992
472
5
426
289
753
892
822
177
109
11
152
378
189
980
873
582
730
146
258
29
828
784
792
333
451
556
804
564
204
208
365
574
345
529
426
574
51
548
207
963
934
993
840
410
806
990
259
175
695
17
340
693
111
110
291
399
560
311
296
808
310
376
402
842
410
725
659
407
951
646
517
224
583
749
457
905
284
668
891
282
369
15
295
985
762
581
606
269
509
794
858
94
542
416
74
452
699
500
407
946
985
592
532
616
90
185
284
19
153
421
549
559
782
43
406
59
312
604
518
597
330
910
771
576
432
733
163
60
244
759
952
346
685
792
36
795
484
207
603
909
946
654
15
662
965
10
954
74
294
583
808
41
55
565
315
413
511
734
451
323
75
409
573
764
581
652
808
417
798
722
694
731
193
774
70
249
951
820
220
185
237
926
258
256
715
665
773
759
309
825
719
896
223
357
554
356
205
579
630
140
61
635
839
641
425
188
496
974
770
381
485
548
674
39
648
900
341
118
426
772
359
412
748
437
720
507
174
279
88
979
284
619
307
853
319
796
175
301
73
494
453
598
31
319
136
327
761
628
964
828
555
607
191
902
319
601
598
768
715
688
761
259
550
510
566
282
416
351
972
519
583
466
33
378
138
655
154
199
376
96
616
703
440
421
337
701
214
44
887
44
459
739
756
823
210
469
869
829
411
463
349
250
808
545
539
627
89
712
258
58
276
961
327
648
364
370
327
215
213
424
618
242
687
590
603
79
45
154
247
399
584
288
837
899
527
388
3
251
163
646
982
312
241
879
130
570
607
611
694
851
98
395
823
269
679
397
835
433
836
219
732
900
218
983
966
872
523
651
457
157
644
613
854
368
54
506
55
375
452
298
969
13
651
615
534
30
717
315
982
292
365
322
354
236
593
703
269
576
577
991
932
250
811
770
408
630
494
499
134
970
178
590
682
110
651
739
781
432
83
500
575
60
413
119
147
315
991
605
275
417
471
64
459
438
946
274
174
507
344
513
397
260
68
642
365
547
882
424
595
381
58
110
146
145
761
265
139
43
693
845
518
801
984
525
69
626
330
279
683
403
385
206
876
152
402
609
550
730
124
325
8
784
922
300
227
954
190
418
363
325
980
580
527
135
899
32
793
720
245
943
467
725
397
232
603
552
462
650
767
66
158
101
52
546
958
227
347
891
481
232
850
69
134
965
834
824
997
240
663
627
971
421
57
879
163
250
608
366
529
919
547
960
765
405
757
574
446
46
39
364
416
366
632
180
435
157
971
275
59
805
711
253
791
871
984
272
463
913
924
501
885
573
423
820
727
896
154
775
667
915
834
778
777
474
738
565
165
312
468